           1   1233.00000               1           1           3   1.06050229               9   1.00000000      -1.99999988     -0.979138851       1.04829041E-05  -4.10782807E-02  -1.99999309       1.83140637E-05  -1.99999988       2.00000000    
           1   1233.00000               1           3           3  0.407665104               6   3.65016109E-04   1.12503362      -1.79515386      0.938292503      -1.99388719      0.224542663    
           1   1233.00000               2           1           3  0.139966160               9   1.98816342E-05  -1.68595493       1.99999893       4.49158142E-05  -1.99617934       1.99999225      0.999962747      -1.99998605     -0.456963301    
           1   1233.00000               2           2           3   2.04771366E-02           6   1.63160912E-05   1.97579992      -1.99679887       1.06932086E-04  -1.32253897       1.99989903    
           1   1233.00000               2           3           3  0.144418746               9  0.557922363      -5.92135452E-02  0.889524221      0.948911548      -1.76134217E-05   1.63077071E-04  0.866015315      -4.67963181E-02   1.13714302    
           1   1233.00000               2           4           3  0.768596888               6  0.999996960      -1.99972701      -1.98485219       1.23203854E-05   1.99999750      -1.95118129    
           1   1233.00000               3           1           3   4.24367301E-02           6   1.31558909E-05   1.71099699       1.99925959       2.65604904E-05   1.99998879       1.99986744    
           1   1233.00000               3           2           3   3.13948020E-02           6   1.00154639E-05   1.06102693      -1.99998140       1.02516278E-05   1.99933362       1.99998260    
           1   1233.00000               3           3           3   6.96350867E-03           6   1.69828150E-03   1.88432908      -1.99974608       9.49418619E-02  -1.72441411     -0.140899003    
           1   1233.00000               3           4           3   2.23002862E-02           6   2.76143746E-05   1.89596021      -1.99982715       2.05024044E-05   1.99798870      -1.95612144    
           1   1233.00000               4           1           3  0.199489772               6   1.14596602E-04  0.819874167       1.48274910       1.04559722E-05   1.16301158E-06   3.07456617E-07
           1   1233.00000               4           2           3   1.86975161E-03           6   7.06888095E-05  -1.97981024       1.99966002       9.21844738E-04  -1.93541372       1.93478656    
           1   1233.00000               4           3           3   1.16060050E-02           6   1.00014558E-05   1.99561393      -1.63998210      0.999998152      -1.99450541       1.60553193    
           1   1233.00000               4           4           3   8.51898629E-04           6  0.411125451      -1.37827790       1.98283041      0.177056238      0.549563706      0.652571797    
           1   1233.00000               5           1           3   8.83300614E-04           6   1.14042423E-05   1.97174585      0.523642540       1.62510574E-03   1.99225640       1.98841286    
           1   1233.00000               5           2           3   2.95507692E-04           6   4.28315811E-02  -1.20128123E-02  -4.52122837E-03  0.135400549      -5.64682372E-02  -8.66958201E-02
           1   1233.00000               5           3           3   1.21410191E-03           6   3.93102644E-04   1.91360652       1.99994087       1.00868492E-05   1.81330156       1.20657277    
           1   1233.00000               5           4           3   3.69206769E-04           3   6.11178316E-02  -4.19122577E-02  0.111138515    
