           1   1233.00000               1           1           1   7.67401531E-02          10   1.39567089      0.548551023       1.27915704      0.359773755       2.58929253      0.160691336       1.04158878      0.102464259       2.81258583       2.86089398E-05
           1   1233.00000               1           1           2   0.00000000               4   0.00000000       0.00000000       0.00000000       0.00000000    
           1   1233.00000               1           1           3   6.14761226E-02          12  0.166529283      0.362634182       4.38578129E-02   1.99987066      0.353508085       2.13451624       1.85171974       7.55191422      0.708911598       2.86089398E-05  0.531241655       3.52705736E-03
           1   1233.00000               1           2           1   0.00000000               4   0.00000000       0.00000000       0.00000000       0.00000000    
           1   1233.00000               1           2           2   2.32810688              10   1.91557312       1.79003854E-03   1.48445714      0.448152751       9.93504524      0.371226519      0.866406977       7.61943683E-02   3.55395818       2.19634525E-03
           1   1233.00000               1           2           3  0.150630444              12  0.491338253       9.64456871E-02  0.283145756      0.352137119       3.14547586      0.286436081      0.940033138      0.414976567      0.446856409      0.469807029       3.80643201       3.80685702E-02
           1   1233.00000               1           3           1   1.03620493               7  0.522458494      0.529662490      0.228105515      0.508102477      0.508670747      0.441922694       2.86089398E-05
           1   1233.00000               1           3           2   0.00000000               4   0.00000000       0.00000000       0.00000000       0.00000000    
           1   1233.00000               1           3           3  0.310377806               9  0.662171960      0.307198077      0.626758933      0.500906408      0.556594551      0.445018291       2.86089398E-05  0.957081735       1.21042803E-02
           1   1233.00000               1           4           1   0.00000000               4   0.00000000       0.00000000       0.00000000       0.00000000    
           1   1233.00000               1           4           2  0.496216238               7   1.99997902       2.08594557E-03   1.22881390E-03   1.99999917       1.92193602E-06   7.57199858E-11   1.89890134    
           1   1233.00000               1           4           3   26.4253750               9   2.00000000       7.97384470E-09   3.87033960E-09   2.00000000       1.94329930E-09   1.62980768E-07   29.9999809       1.19309473       5.13187191E-03
           1   1233.00000               2           1           1   1.47958391E-03          10   9.95711684E-02  0.296383649       4.24558326E-04   1.12101841       1.25479472       2.68621165E-02  0.536935508      0.380808055       1.00984750E-03  0.766925752    
           1   1233.00000               2           1           2   1.33544868E-02          10  0.503290594      0.502698898      0.502893329      0.497227430      0.495559216      0.494899124      0.501803100      0.447004586      0.525141835       27.3499908    
           1   1233.00000               2           1           3   4.73946938E-03          12  0.371865004      0.331399024      0.216058716      0.365470916       1.10630190      0.559152365       1.46684551       3.19907522       5.41743202E-06   21.6420288      0.850242257      -1.29025662E-02
           1   1233.00000               2           2           1  0.186132029               7   1.94435656      0.101704501       2.27081847       1.94717169      0.803512931       1.68008482       2.86089398E-05
           1   1233.00000               2           2           2   1.71632844E-03           7  0.508550644      0.423441201      0.525158465      0.492334664      0.474021673      0.481849492       4.43177462    
           1   1233.00000               2           2           3  0.865064800               9   1.99999821       5.10577373E-02   3.27959132       1.90364671       1.50912058       1.60454941       2.86089398E-05 -0.251938403      -6.51059859E-03
           1   1233.00000               2           3           1   1.06225023E-03          10  0.134825587      0.170876443       3.69929746E-02  0.793846071      0.683306694      0.229725629      0.280192792      0.249944851       8.99471063E-03   6.88009663E-03
           1   1233.00000               2           3           2   8.02698231              10  0.572627425       1.82920861       2.00030613      0.493590117      0.525165975      0.449925959      0.550555944      0.270842463      0.928931892       4.48247156E-05
           1   1233.00000               2           3           3   5.09512685E-02          12  0.160872057      0.159788057       4.12133262E-02   1.17953563       2.16824794       1.52851868      0.192471728      0.173085451       1.33567108E-02  0.365308374       1.58961332       4.81135547E-02
           1   1233.00000               2           4           1  0.687599123               7  0.674065471       2.61380386       2.16241635E-04  0.732337415      0.257859260      0.960435987       2.86089398E-05
           1   1233.00000               2           4           2   1.33105437E-04           7  0.150432840       5.86505607E-02   2.47617085E-02   1.42885017       7.49987793       1.41790783       4.11461020    
           1   1233.00000               2           4           3   3.26030302               9   1.08435380       10.0000000       6.89439190E-08   1.21373725       2.01372252E-11   1.65064681       2.86089398E-05 -0.367476702       6.89087756E-05
           1   1233.00000               3           1           1   7.47869955E-04           7   1.93840790       7.49066877       9.36860847       1.72787702       3.15368867       3.40779877       1.80556560    
           1   1233.00000               3           1           2   1.49644547E-04           7  0.821523249      0.520138562      0.264613569      0.502020538      0.547354341       1.85811725E-02   4.43751097    
           1   1233.00000               3           1           3   2.26970849E-04           9   1.53340840       8.04744148       2.10127091       1.98590314       1.77245784       4.90880919       2.67083549      0.944561243      -5.17350109E-03
           1   1233.00000               3           2           1  0.358616829               7   2.00000000       3.40523454E-09   8.77091200E-09   2.00000000       5.19722598E-10   1.10164189E-08   2.86108734E-05
           1   1233.00000               3           2           2   1.80092989E-03           7  0.323778272       9.99979401       9.99999523       2.00000000       1.16355601E-04   1.32308633E-04   10.2465420    
           1   1233.00000               3           2           3  0.528809905               9   1.99999928       2.92275985E-07   2.42081933E-06   1.99999928       1.13672854E-07   1.16439367E-06   2.86092418E-05 -0.576824129      -1.56258605E-03
           1   1233.00000               3           3           1   2.08627642E-03           7  0.292188525      0.268987417       5.43809384E-02  0.532846093       2.57296062      0.302346498       2.21582127    
           1   1233.00000               3           3           2   4.70414944E-03           7   1.74824297       1.47836244      0.474337339       1.92132390       6.48804235      0.138354674      0.667701304    
           1   1233.00000               3           3           3   1.72733283E-03           9  0.151496828       6.16895072E-02   2.04917993E-02   1.99313474       7.76630545       8.52908846E-03   29.7049122      0.913625836      -1.08844228E-02
           1   1233.00000               3           4           1   4.67305799E-04           7  0.802067518      0.624395013      0.272990257      0.174669549      0.329644799      0.147385955       1.98050940    
           1   1233.00000               3           4           2  0.230890498               7  0.442172408       5.71495320E-07  0.239609301       1.99999976       1.65792937E-06   1.90139062E-07   6.39261452E-06
           1   1233.00000               3           4           3   6.12275733E-04           9  0.243117079      0.353616118       8.14875960E-02   1.22991526      0.754729450      0.666178048       10.2696714      -4.93776798       6.22453168E-02
           1   1233.00000               4           1           1   2.02055931               7   1.99809277       1.02456287E-03   9.77417175E-03  0.559668779      0.206834644      0.478574395       1.45277609E-05
           1   1233.00000               4           1           2   1.90297615E-05           7  0.286557019      0.287733257       8.15049745E-03  0.347373784      0.137572527      0.510593534       8.77930927    
           1   1233.00000               4           1           3   1.49572479E-05           9   1.91986084      0.227544114       3.81868124      0.399289101      0.116750129      0.222928584       26.9458542       4.40587378       3.85431275E-02
           1   1233.00000               4           2           1   8.22018192E-04           7  0.157433778      0.294106126       1.96497533E-02   1.96323729       7.35317516       1.11286640E-02   29.2532330    
           1   1233.00000               4           2           2   6.45949622E-05           7   1.99933660       4.57390919E-02   1.00355791E-02  0.423277259       8.33026123       1.63793806E-02   19.4449997    
           1   1233.00000               4           2           3   1.62705290E-03           9  0.442025423      0.372405022      0.292383015       1.99994183       9.94065189       1.91686093E-04   29.9939499     -0.781001627      -2.08213627E-02
           1   1233.00000               4           3           1   3.13299999E-04           7   1.03640985      0.388101310      0.565354526      0.944250762       1.64882219       3.04405652E-02   3.04330230    
           1   1233.00000               4           3           2   2.03903517E-04           7  0.567537189      0.888424098      0.940753818      0.484375268      0.549978733      0.133806527       7.45571613    
           1   1233.00000               4           3           3   3.59501631E-04           9   1.27654886      0.343716323       2.28366399      0.743766785       2.36507797      0.133565724       27.4112988      0.842706919      -5.17253531E-04
           1   1233.00000               4           4           1   6.81066944E-04           7  0.348517627      0.238048688      0.129797593       1.48665321       6.83439112       4.60851677E-02   27.4582653    
           1   1233.00000               4           4           2   3.27706330E-05           7  0.484307259      0.510322273      0.488748640      0.544056535      0.374107599      0.873157203       4.37754154    
           1   1233.00000               4           4           3   1.62875687E-03           9   8.62230137E-02  0.125511527       7.32913395E-05   1.99670064       4.48923349       4.63446463E-03   29.9645176      -1.26614594       2.60154661E-02
           1   1233.00000               5           1           1   7.30240354E-05           7  0.566175580       1.05460333E-06  0.351994962      0.609190702       2.28646684      0.107934833       4.77392197    
           1   1233.00000               5           1           2   1.31127099E-03           7   1.99998665       4.38350672E-03   9.47895125E-02   1.99999738       9.99999905       9.64311504       11.0352840    
           1   1233.00000               5           1           3   5.65384835E-05           9  0.941205084       7.44141871E-03  0.625518203       1.71243739       5.92378235       4.86417972E-02   22.6702328       1.07401371      -7.95867946E-03
           1   1233.00000               5           2           1   2.47207680E-03           7  0.199936301      0.454548776       7.34162796E-03  0.758463681       1.84700526E-02   6.54106665       28.6076813    
           1   1233.00000               5           2           2   2.78804255               7  0.219134927       1.06980383       4.25277930E-03  0.495156884      0.127076134       1.62789369       2.86089398E-05
           1   1233.00000               5           2           3   3.17993271E-03           9  0.272597671      0.580900848       3.06580542E-03   1.03517163       4.44043539E-02   9.54932308       28.6249294     -0.287101686      -2.12941822E-02
           1   1233.00000               5           3           1   3.43871332E-04           7  0.747861266       9.99964619       9.97601509      0.667212665       4.81276948E-06  0.292951763       8.93511581    
           1   1233.00000               5           3           2   6.33611926E-05           7  0.598697722      0.218289271      0.512714684      0.370768458       2.37583208       1.05366063       4.53088617    
           1   1233.00000               5           3           3   1.06369308E-03           9   1.99314833       9.99529839       9.47742271       1.98797798       1.03388277E-06   2.06222391       24.8421173      0.861446083       2.81905476E-03
           1   1233.00000               5           4           1   2.50651850E-03           4   7.65112191E-02   7.49482587E-02   3.44352541E-03   17.1724033    
           1   1233.00000               5           4           2   2539.32031               4   2.00000000       4.44699833E-12   2.71793699E-11   2.86089398E-05
           1   1233.00000               5           4           3   1.63188705E-03           6   9.09783468E-02   8.92425478E-02   5.07505843E-03   20.8066063       1.12716734      -1.93618667    
